1.1022872113319837 0.0011764705882352942 69.92133805301414 1.1345984844909127
1.091844109537484 0.0011764705882352942 66.64934305714466 1.1713791322318818
1.0819815472147947 0.0011764705882352942 63.38736806958631 0.8967767496126164
1.0732126496370185 0.001 59.9058689506454 0.9703635976622009
1.064188928773593 0.0007692307692307692 56.30135385020812 1.1452072041787604
1.0552060137849821 0.0007692307692307692 52.54900399794284 1.1068723422430706
1.0486400389074673 0.0007407407407407407 49.33701643597417 1.1055757116365494
1.041385638139369 0.0005714285714285715 45.7021790845324 1.1023222137380653
1.036374489308519 0.0008695652173913044 42.80989324829327 0.8669621775188765
1.0317215946381395 0.0008 40.555127496798534 0.8677246085544251
1.0276287964977808 0.0005405405405405405 37.78021337629799 1.0670894075473816
1.0233617952815734 0.0005405405405405405 34.923829968972676 0.9822710008806674
1.019820719549468 0.0004347826086956522 32.07563224911928 0.9805572563054902
1.016066760350243 0.0004 29.048300274088515 0.9319458150572495
1.0134818388586064 0.00046511627906976747 26.538724058392496 0.7471278751320052
1.011490112432316 0.00046511627906976747 24.332496662435627 0.6603843844434898
1.0098445034164343 0.0006666666666666666 22.734956846323286 0.7197876134723619
1.008182980750506 0.00040816326530612246 20.933212375564885 0.7910954084297861
1.0066626196582666 0.00029411764705882356 18.736616262637522 0.7981349494505543
1.0049204822401367 0.00021505376344086021 16.16637425117487 0.9210285869490459
1.0034512055984792 0.00023529411764705883 13.760255157681257 0.7405686674586052
1.002504954823897 0.0001639344262295082 11.407380592228932 0.8652120604395449
1.001336541178667 0.00015748031496062991 9.045727033643992 0.7247400003380345
1.000615742674468 0.00011695906432748539 7.020222288660827 0.6682424479190757
1.0003246590802912 8.474576271186441e-05 4.997308867492909 0.6436279324673798
1.0002483434340592 7.092198581560284e-05 3.3515138500638457 0.491394563528868
1.1022872113319837 0.0011764705882352942 69.92133805301414 1.1345984844909127
1.091844109537484 0.0011764705882352942 66.64934305714466 1.1713791322318818
1.0819815472147947 0.0011764705882352942 63.38736806958631 0.8967767496126164
1.0732126496370185 0.001 59.9058689506454 0.9703635976622009
1.064188928773593 0.0007692307692307692 56.30135385020812 1.1452072041787604
1.0552060137849821 0.0007692307692307692 52.54900399794284 1.1068723422430706
1.0486400389074673 0.0007407407407407407 49.33701643597417 1.1055757116365494
1.041385638139369 0.0005714285714285715 45.7021790845324 1.1023222137380653
1.036374489308519 0.0008695652173913044 42.80989324829327 0.8669621775188765
1.0317215946381395 0.0008 40.555127496798534 0.8677246085544251
1.0276287964977808 0.0005405405405405405 37.78021337629799 1.0670894075473816
1.0233617952815734 0.0005405405405405405 34.923829968972676 0.9822710008806674
1.019820719549468 0.0004347826086956522 32.07563224911928 0.9805572563054902
1.016066760350243 0.0004 29.048300274088515 0.9319458150572495
1.0134818388586064 0.00046511627906976747 26.538724058392496 0.7471278751320052
1.011490112432316 0.00046511627906976747 24.332496662435627 0.6603843844434898
1.0098445034164343 0.0006666666666666666 22.734956846323286 0.7197876134723619
1.008182980750506 0.00040816326530612246 20.933212375564885 0.7910954084297861
1.0066626196582666 0.00029411764705882356 18.736616262637522 0.7981349494505543
1.0049204822401367 0.00021505376344086021 16.16637425117487 0.9210285869490459
1.0034512055984792 0.00023529411764705883 13.760255157681257 0.7405686674586052
1.002504954823897 0.0001639344262295082 11.407380592228932 0.8652120604395449
1.001336541178667 0.00015748031496062991 9.045727033643992 0.7247400003380345
1.000615742674468 0.00011695906432748539 7.020222288660827 0.6682424479190757
1.0003246590802912 8.474576271186441e-05 4.997308867492909 0.6436279324673798
1.0002483434340592 7.092198581560284e-05 3.3515138500638457 0.491394563528868
1.1022872113319837 0.0011764705882352942 69.92133805301414 1.1345984844909127
1.091844109537484 0.0011764705882352942 66.64934305714466 1.1713791322318818
1.0819815472147947 0.0011764705882352942 63.38736806958631 0.8967767496126164
1.0732126496370185 0.001 59.9058689506454 0.9703635976622009
1.064188928773593 0.0007692307692307692 56.30135385020812 1.1452072041787604
1.0552060137849821 0.0007692307692307692 52.54900399794284 1.1068723422430706
1.0486400389074673 0.0007407407407407407 49.33701643597417 1.1055757116365494
1.041385638139369 0.0005714285714285715 45.7021790845324 1.1023222137380653
1.036374489308519 0.0008695652173913044 42.80989324829327 0.8669621775188765
1.0317215946381395 0.0008 40.555127496798534 0.8677246085544251
1.0276287964977808 0.0005405405405405405 37.78021337629799 1.0670894075473816
1.0233617952815734 0.0005405405405405405 34.923829968972676 0.9822710008806674
1.019820719549468 0.0004347826086956522 32.07563224911928 0.9805572563054902
1.016066760350243 0.0004 29.048300274088515 0.9319458150572495
1.0134818388586064 0.00046511627906976747 26.538724058392496 0.7471278751320052
1.011490112432316 0.00046511627906976747 24.332496662435627 0.6603843844434898
1.0098445034164343 0.0006666666666666666 22.734956846323286 0.7197876134723619
1.008182980750506 0.00040816326530612246 20.933212375564885 0.7910954084297861
1.0066626196582666 0.00029411764705882356 18.736616262637522 0.7981349494505543
1.0049204822401367 0.00021505376344086021 16.16637425117487 0.9210285869490459
1.0034512055984792 0.00023529411764705883 13.760255157681257 0.7405686674586052
1.002504954823897 0.0001639344262295082 11.407380592228932 0.8652120604395449
1.001336541178667 0.00015748031496062991 9.045727033643992 0.7247400003380345
1.000615742674468 0.00011695906432748539 7.020222288660827 0.6682424479190757
1.0003246590802912 8.474576271186441e-05 4.997308867492909 0.6436279324673798
1.0002483434340592 7.092198581560284e-05 3.3515138500638457 0.491394563528868
1.1022872113319837 0.0011764705882352942 69.92133805301414 1.1345984844909127
1.091844109537484 0.0011764705882352942 66.64934305714466 1.1713791322318818
1.0819815472147947 0.0011764705882352942 63.38736806958631 0.8967767496126164
1.0732126496370185 0.001 59.9058689506454 0.9703635976622009
1.064188928773593 0.0007692307692307692 56.30135385020812 1.1452072041787604
1.0552060137849821 0.0007692307692307692 52.54900399794284 1.1068723422430706
1.0486400389074673 0.0007407407407407407 49.33701643597417 1.1055757116365494
1.041385638139369 0.0005714285714285715 45.7021790845324 1.1023222137380653
1.036374489308519 0.0008695652173913044 42.80989324829327 0.8669621775188765
1.0317215946381395 0.0008 40.555127496798534 0.8677246085544251
1.0276287964977808 0.0005405405405405405 37.78021337629799 1.0670894075473816
1.0233617952815734 0.0005405405405405405 34.923829968972676 0.9822710008806674
1.019820719549468 0.0004347826086956522 32.07563224911928 0.9805572563054902
1.016066760350243 0.0004 29.048300274088515 0.9319458150572495
1.0134818388586064 0.00046511627906976747 26.538724058392496 0.7471278751320052
1.011490112432316 0.00046511627906976747 24.332496662435627 0.6603843844434898
1.0098445034164343 0.0006666666666666666 22.734956846323286 0.7197876134723619
1.008182980750506 0.00040816326530612246 20.933212375564885 0.7910954084297861
1.0066626196582666 0.00029411764705882356 18.736616262637522 0.7981349494505543
1.0049204822401367 0.00021505376344086021 16.16637425117487 0.9210285869490459
1.0034512055984792 0.00023529411764705883 13.760255157681257 0.7405686674586052
1.002504954823897 0.0001639344262295082 11.407380592228932 0.8652120604395449
1.001336541178667 0.00015748031496062991 9.045727033643992 0.7247400003380345
1.000615742674468 0.00011695906432748539 7.020222288660827 0.6682424479190757
1.0003246590802912 8.474576271186441e-05 4.997308867492909 0.6436279324673798
1.0002483434340592 7.092198581560284e-05 3.3515138500638457 0.491394563528868
